0
948587
1000698
1935371
2764789
3167359
3525909
3768525
3898000
4013384
4130778
4254173
4465236
4619575
4773088
4983989
5119814
5244745
5468158
5519397
5702746
5786755
5947505
6102187
6291945
6382343
6597889
6729630
6910214
7113347
7089994
7423899
7489164
7601259
7806399
8045527
8040136
8320382
8619913
8644714
8850814
8921421
8890862
9398294
9375703
9405804
9658505
9793201
9831461
10210672
10242319
10238280
10366298
10536609
10421430
10594882
10528399
10549804
10623171
10582625
10548089
10374023
10287806
10249564
9970008
9788679
9755635
9320801
8971784
8946418
8597486
8378524
8343032
7956605
7801802
7758390
7390154
7143842
7144971
6632529
6547189
6537747
6030553
5865321
5851435
5284409
4964269
4967554
4516334
4310796
4264157
4016439
3824655
3725085
3369346
3028539
2865887
2953537
3336519
3453172
3902536
4055131
4123749
4335773
4515417
4552231
4800915
4995660
5042076
5364494
5364817
5609227
5805348
5808576
5879667
6123294
6115857
6180608
6605254
6605932
6765870
7081591
7079524
7316197
7587438
7588694
7728691
7997668
7997497
8117799
8380607
8384350
8542915
8886938
8886225
9057858
9307041
9306969
9488010
9769672
9770533
9843635
10053962
10088940
10257088
10302909
10352041
10396671
10532645
10573904
10605518
10776228
10811383
10723343
10571482
10529370
10421183
10136737
10089082
9984461
9488767
9437361
9207683
8735416
8726481
8495464
7979453
7987067
7972588
7488983
7501100
7270645
6688383
6696280
6575496
6206433
6176331
5949318
5563146
5573425
5191412
4735238
4686587
4406641
4246162
4187599
3968397
3438199
3420808
3000249
2927813
2929401
3329104
3881690
3879671
4186886
4368403
4372214
4394252
4763064
4763238
4916328
5328344
5330207
5468476
5595958
5777588
5868354
5930358
6113722
6265307
6407082
6552037
6693110
6893831
7045428
7206884
7371837
7528410
7669569
7775742
7958346
8014598
8177309
8291621
8488355
8615276
8799781
8935905
9176009
9264375
9499116
9534658
9679272
9835184
9902182
10000192
10174333
10206685
10377711
10413343
10536004
10492171
10594028
10630813
10731332
10705670
10661202
10495090
10314889
10290081
10061636
9954222
9747882
9460403
9336457
9063266
8838307
8678925
8288314
8024366
7984175
7833878
7622290
7393091
7110116
6811198
6528442
6555069
6240665
5988213
5846055
5703069
5260051
5001741
4844076
4567948
4422085
4351606
4077208
3866409
3664102
3307226
2822621
2828857
3197535
3489772
3851517
4057171
4172312
4330568
4410339
4561172
4696053
4768941
4986599
5239275
5318191
5473689
5611831
5749516
5825769
5971814
6126787
6241444
6415261
6562686
6735040
6914091
7086349
7213103
7330267
7522959
7655730
7850185
7969316
8071604
8270650
8325909
8570103
8670423
8851006
9137093
9270578
9316563
9409291
9469888
9676098
9788191
10070461
10166543
10161391
10235156
10322824
10473989
10592446
10410100
10534894
10579569
10703990
10672379
10526380
10269350
10335839
10052450
10007635
9859110
9602362
9344954
9171785
8901571
8650288
8402105
8129104
7969059
7930569
7599577
7377938
7156534
7075303
6649143
6515457
6324146
6147478
5794916
5606263
5413785
5133281
4749498
4596066
4363586
4334955
4129126
3966985
3655186
3456670
3257555
2841985
3033493
3303624
3550185
3899679
4055622
4188511
4328165
4459816
4638885
4765214
4955136
5161662
5281142
5433010
5588627
5772767
5884520
5993572
6103902
6221990
6350378
6533008
6717675
6918687
7102583
7230895
7367555
7484593
7665809
7791950
7924084
7973086
8189114
8335620
8456340
8689867
8818334
8924928
9125493
9250574
9349883
9459628
9671801
9780529
9892071
10063560
10209787
10279676
10312169
10426329
10486894
10513969
10505643
10637544
10716599
10697791
10555794
10493072
10346119
10254016
9969226
9858874
9695451
9457225
9171501
8977910
8646453
8522573
8242451
8010836
7848944
7698200
7495741
7187532
7024639
6757087
6542705
6369787
6217078
5992787
5672625
5534446
5204704
4894700
4650330
4475177
4347772
4194883
4101283
3830472
3459160
3202182
2787646
2865554
3163122
3442443
3866026
4114167
4171981
4256420
4438370
4552344
4696492
4842038
5055526
5233726
5378971
5552588
5734979
5810347
5972286
6099022
6211177
6351479
6510271
6626160
6762071
6949482
7097890
7248703
7426360
7530954
7618284
7789246
7953454
8035697
8283789
8339834
8577384
8660614
8819166
9020000
9200699
9273176
9519311
9572603
9799916
9813866
9990683
10121411
10173142
10360135
10296287
10360383
10453169
10518786
10568142
10671591
10763464
10624605
10507056
10287219
10351468
10017061
10080857
9812478
9597116
9414839
9138509
8843055
8564413
8437278
8171174
7897197
7681866
7616194
7388846
7053934
6863339
6637377
6384058
6335755
6175527
5845448
5574060
5291278
5136080
4915630
4680178
4353299
4308948
4079517
4022108
3738306
3522960
3063326
2780924
2876771
3409756
3710822
3920806
4022252
4226211
4349006
4446966
4593206
4728504
4883169
5044887
5265203
5375272
5552393
5703508
5842441
5908268
6062728
6194083
6353410
6517388
6635099
6817439
7006514
7144758
7307301
7472095
7568809
7660814
7831930
7943263
8076935
8258528
8333522
8518916
8675414
8854591
9060512
9142006
9324941
9437556
9564971
9749013
9876445
9889020
10149912
10115101
10244951
10387065
10473715
10495815
10523256
10568382
10639276
10723861
10660764
10421764
10244884
10251301
9979446
10016079
9681044
9484173
9199078
9042388
8766168
8561349
8338945
8056977
7948252
7714108
7755150
7338365
6977532
6769151
6694989
6366353
6309772
6082631
5798433
5599250
5326638
4975016
4714230
4566573
4380027
4305292
4118589
3843433
3595258
3399786
3128249
2892070
3066877
3375482
3755871
3958243
4148399
4197106
4383069
4448121
4624998
4783528
4924188
5126208
5313776
5507333
5618752
5737311
5877156
5932703
6090785
6257951
6382270
6531192
6671878
6845335
7060639
7217497
7373191
7531618
7619166
7724626
7885301
8002606
8099899
8252130
8389293
8574153
8603562
8893705
9015585
9270225
9296022
9400512
9628383
9630863
9931104
9962452
9961509
10091172
10283845
10308248
10447256
10364777
10462512
10624467
10638477
10690512
10622722
10429942
10280006
10176497
9934895
9866432
9598383
9414672
9043978
8927437
8595029
8535381
8240071
8004444
7772124
7632855
7505587
7205524
6962937
6671962
6658322
6371444
6124875
5966353
5652812
5326359
5237568
4857053
4563036
4424176
4442883
4187788
4062022
3749638
3576338
3286736
3041278
2963966
3180439
3568696
3821926
4090764
4299853
4281847
4386054
4512306
4660843
4817041
4952045
5225231
5357965
5530607
5708690
5806783
5877735
6028907
6134130
6327145
6415843
6560498
6694735
6690989
7034938
7195113
7202735
7464463
7648560
7636164
7885379
7995179
8004248
8120731
8436265
8434834
8546247
8948498
8953429
9099091
9415904
9420745
9514916
9702425
9709842
9797832
10075349
10071672
10183578
10334353
10335093
10338444
10559005
10554888
10526202
10555632
10553616
10292882
10220065
10205847
9862132
9787439
9788483
9490892
9086905
9076458
8745056
8359569
8369234
8047293
7615092
7602633
7409251
6947395
6957782
6766546
6395148
6382911
6223386
5850878
5851289
5511842
5197943
5181966
4715011
4381988
4384992
4200458
3832954
3822020
3471159
2943782
2945064
2977262
3402085
3396776
3781789
4056293
4053501
4210654
4379691
4379739
4634686
4852083
4852780
5153979
5359636
5357287
5616505
5790376
5788951
6004892
6220600
6217397
6380353
6619199
6618353
6815567
6976618
7085914
7249292
7412183
7542595
7627512
7764907
7986262
8075543
8242582
8339683
8455549
8638399
8849429
9022234
9236958
9310091
9420923
9554907
9738270
9756939
9803031
10080604
10104365
10261495
10290010
10306724
10458872
10424507
10540351
10569938
10638549
10548214
10380756
10197345
10076379
9931496
9776749
9579384
9439215
9113703
8982021
8725748
8546751
8280068
7954604
7734412
7608816
7445344
7262838
6900001
6674498
6486063
6209645
6117758
6063492
5695033
5509161
5121310
4852805
4682789
4515370
4379407
4176681
4043742
3774925
3572760
3296582
2962895
2799207
3142238
3529433
3771446
3960951
4150330
4221435
4317770
4477562
4614764
4750763
4957271
5105848
5242054
5473882
5610971
5702687
5768603
5872981
6052989
6214215
6375673
6503418
6628821
6827804
6997269
7187846
7317316
7473988
7654132
7757759
7863785
8000403
8223018
8281317
8457344
8594287
8718064
8873630
9039480
9189233
9371172
9459108
9494676
9654803
9722229
9962855
10161316
10137933
10217334
10333461
10411648
10464381
10414044
10572044
10520720
10536893
10485832
10344112
10185033
9954431
9870518
9754865
9563356
9363608
9017664
8812890
8493965
8325689
8294646
7836190
7608839
7605898
7278893
6932364
6941208
6621226
6487930
6320367
6025633
6011700
5618018
5271208
5094866
4809254
4599539
4418270
4298801
4149983
3869575
3578024
3490123
3182032
2978274
3055172
3341548
3615588
3857292
4087495
4153042
4263952
4393311
4490416
4671750
4887756
5100071
5205299
5424636
5527604
5634843
5806697
5920648
6017787
6177023
6329008
6403886
6538428
6725873
6866890
7062315
7203419
7417232
7485608
7619511
7759785
7956059
8025706
8220615
8299906
8510779
8634698
8781897
9004940
9162903
9248211
9380740
9422694
9697687
9743774
9757272
9981209
10094206
10170054
10234786
10206291
10465518
10460536
10540203
10445169
10537093
10505081
10349716
10153857
10026177
10032277
9740099
9626091
9417387
9234947
8956573
8636110
8437288
8214475
8134729
7748820
7593517
7483202
7210032
6840961
6625561
6475040
6293147
6220260
5985784
5725941
5581539
5285421
4953522
4708484
4534453
4426005
4221868
4030313
3737020
3529933
3063647
2790456
2855157
3088567
3319391
3821211
4055558
4184235
4246121
4455940
4454533
4597025
4764743
4931290
5128230
5280755
5472534
5652596
5687400
5801790
5924044
6037207
6220896
6463152
6465644
6622106
6741377
6903474
7044198
7168189
7365141
7480379
7635807
7823121
7897448
8062419
8220856
8370097
8498565
8667408
8832060
8961440
9277354
9275583
9399712
9479031
9607421
9722058
9874415
10083782
10141343
10237334
10246033
10369758
10313557
10307319
10555994
10405930
10409462
10478247
10363284
10110414
9961843
9687431
9694029
9449883
9298623
8967609
8745198
8459304
8363484
8260487
7605089
7589988
7496523
7276884
6985021
6828850
6531470
6368807
6311083
6075368
5927442
5482789
5325056
5006650
4635373
4534615
4383300
4321650
4223678
4021522
3673635
3450040
3235831
2820900
2918634
3308586
3589866
3797880
3986400
4177172
4269994
4345041
4484924
4832108
4834570
5064392
5174552
5372439
5435147
5727622
5731348
5783620
6057764
6050131
6247234
6502215
6504560
6701277
7068574
7064202
7231483
7359569
7442904
7613763
7752364
7959038
8069366
8198615
8335939
8406652
8647116
8735065
8885066
9101640
9118176
9427048
9463384
9670108
9678100
9758976
9946674
10114652
10181207
10253265
10274813
10499453
10469980
10497574
10483677
10504728
10510383
10351085
10177558
10074556
9895225
9717759
9565145
9437758
9103181
8996711
8683138
8418108
8194318
8072206
7681466
7585323
7396604
7189653
6884981
6682952
6504639
6338558
6140136
5970580
5782695
5610396
5185314
5008144
4754359
4535567
4313992
4183752
4002744
3812483
3569913
3353183
3193271
3118163
3175499
3403038
3770538
4029286
4183589
4239747
4276487
4441519
4580157
4769257
4981434
5131348
5278589
5442431
5561836
5686732
5821846
5937688
6058996
6213733
6368491
6471421
6593919
6736670
6905286
7118046
7270422
7420819
7500929
7695643
7796739
7927939
8067548
8231648
8382592
8597484
8717358
8807250
9003517
9241115
9305686
9388650
9528824
9560416
9778886
9776995
10066033
10074331
10180704
10269132
10358962
10409467
10333788
10512586
10465666
10405962
10428263
10306563
10051866
9898979
9976229
9691082
9501571
9265846
8944197
8816161
8543402
8310441
8120336
7924500
7588506
7537584
7297038
6990633
6703577
6606892
6463491
6297636
6056732
5973263
5657054
5295596
5096180
4776392
4557905
4516170
4389414
4138998
3929196
3700495
3405737
2984177
2965763
3125123
3414615
3684456
3910121
4153213
4253412
4390593
4369649
4468628
4676281
4869282
5072319
5174817
5357873
5535339
5617761
5781585
5832958
5984562
6130870
6300490
6453554
6571606
6720358
6827464
7028088
7146269
7307728
7462322
7582757
7761933
7863231
8017883
8111580
8287081
8423982
8575555
8743345
8853053
9062117
9155176
9400315
9475450
9597925
9743622
9761710
9989232
10137325
10137009
10168352
10267495
10370553
10394080
10456186
10413407
10472432
10478995
10362809
10108005
10055060
9790688
9707449
9538993
9427680
9107300
8928814
8630757
8418125
8250449
8119197
7769762
7585638
7403111
7174012
6881547
6616597
6370314
6303200
6164521
5994876
5771537
5466850
5150806
4917822
4723511
4493850
4417819
4278082
4115389
3904311
3626330
3425895
3114085
3068086
3154367
3520641
3837590
4056006
4145911
4257700
4337226
4435603
4590314
4759543
4979920
5116021
5289959
5486590
5596426
5706334
5800851
5897323
6077693
6237588
6394403
6516967
6668707
6839323
6944972
7124014
7299912
7411192
7530285
7700114
7834347
7997715
8072275
8217117
8323920
8517354
8623798
8779908
8977531
9174783
9225576
9371516
9459026
9575259
9816958
9832267
10065675
10090431
10168684
10329459
10362849
10478345
10461390
10492845
10448264
10456820
10485678
10305276
10075070
9954386
9772781
9570312
9290307
9176130
8950868
8719501
8469587
8297401
8100919
7858969
7618383
7469705
7329460
7096904
6927696
6617795
6391703
6299855
6021945
5989069
5646603
5349591
5092737
4806873
4597386
4417923
4322872
4176329
3940525
3633814
3418226
3338251
3128439
3248808
3398941
3580125
3917811
4161033
4183195
4301556
4341483
4480131
4717243
4890440
5072969
5219217
5423819
5548936
5668939
5739349
5932063
6057682
6176160
6320454
6444424
6525819
6693875
6822102
7019497
7137931
7375922
7501970
7568841
7762685
7890646
8065640
8142351
8318524
8388848
8589060
8661879
8880511
9045611
9139196
9222774
9405269
9456767
9606998
9725799
9963217
10096449
10127836
10090549
10230562
10431913
10412555
10420718
10486191
10460496
10527129
10327079
10227080
10081205
9848982
9723609
9574114
9337102
9102863
8820664
8590974
8322320
8151350
7888775
7657508
7494491
7428193
7075357
6835903
6596770
6450091
6329123
6157436
5891569
5716718
5464840
5227835
4940519
4720035
4438874
4378226
4236989
4037289
3677200
3480464
3296587
2958877
3233135
3387421
3590043
3749798
3988777
4215748
4285743
4323648
4392942
4526825
4728500
4939726
5088994
5249138
5454017
5641068
5700046
5814197
5858965
6006282
6139616
6327920
6474300
6608758
6716766
6871618
7025438
7186021
7326805
7461147
7638330
7798788
7952163
8102569
8093153
8344694
8503289
8644112
8737392
9000009
9023803
9258228
9304138
9462106
9665164
9796644
9756589
9987791
10024375
10160565
10222009
10272376
10351176
10261081
10449151
10466690
10446394
10351088
10280148
10050317
9760491
9671032
9481613
9303539
9108117
8890809
8764161
8437605
8253545
8037183
7985238
7655410
7436553
7217385
7013336
6717905
6529022
6368036
6235563
6043692
5927404
5551552
5160493
5130111
4745297
4529254
4379686
4321503
4152552
4005046
3822995
3451692
3290201
3063930
3269957
3521887
3735868
3947064
4088985
4193993
4281638
4397644
4493764
4706880
4872289
5015527
5246379
5347625
5500689
5617052
5730786
5847086
5943491
6091582
6266765
6400658
6512595
6682117
6835813
6957855
7139258
7319535
7414895
7601217
7697843
7846487
7957138
8147425
8287438
8404672
8574949
8570376
8649143
9067922
9073642
9215932
9343457
9363843
9490036
9670059
9690674
9998692
10035519
10054435
10122128
10333459
10328770
10398273
10468656
10469172
10362469
10284863
10271852
9989373
9849671
9848383
9526798
9395861
9379259
8855723
8508380
8512688
8214367
7860386
7855572
7738693
7424974
7414616
6998284
6613772
6606130
6377033
6320682
6330242
5967869
5545220
5536874
5061578
4722101
4725641
4471982
4190293
4176876
3813831
3510946
3508561
3231062
3197352
3189047
3583462
3796733
3797768
4116583
4285867
4284210
4446514
4641664
4652485
5044373
5160626
5160539
5517227
5681512
5679028
5811874
5911591
5904788
6205500
6399200
6397576
6630966
6774371
6770726
7077714
7255363
7262337
7522191
7614049
7601756
7801901
8078647
8086037
8077746
8437317
8422430
8588121
8751632
8937583
9045807
9188032
9351615
9412216
9670963
9742441
9806610
10002243
10079665
10197452
10305971
10361013
10273151
10323702
10481547
10415630
10441930
10354158
10138565
10145405
9939635
9559368
9508876
9339440
9164573
9018005
8648419
8376979
8204332
8018222
7753197
7598909
7457022
7231818
6939750
6654998
6537640
6387369
6260721
6020465
5874841
5635316
5251879
5100337
4782991
4525164
4421718
4303929
4062575
3990178
3719284
3515357
3326816
3151965
3444301
3612294
3741427
3938979
4037286
4281035
4311660
4278917
4485322
4765678
4867244
5042801
5261735
5342637
5493196
5744137
5799995
5876119
6071097
6201894
6338930
6532893
6644906
6759806
6826622
6957747
7180064
7359855
7483831
7583729
7733847
7890287
7989734
8132878
8273982
8381402
8478909
8594332
8746943
8944327
9162179
9289206
9376113
9474447
9630100
9753347
9794076
9999375
9936078
10055029
10227469
10348590
10342846
10386526
10392144
10350792
10425343
10123003
10172543
9946910
9817632
9626634
9441335
9328800
9118454
8860043
8558330
8404551
8202199
8034045
7744453
7532891
7351735
7194807
6899403
6607474
6486104
6399376
6145590
5917961
5745181
5575325
5311708
5059896
4736980
4509119
4438799
4382508
4128295
3992218
3609699
3474592
3326164
3211468
3343853
3543303
3762009
3955518
4151283
4257781
4185094
4364186
4538712
4740075
4842246
4976988
5204484
5365750
5500172
5585474
5704245
5844999
5927043
6089322
6233884
6368463
6477431
6670466
6793246
6971431
7130532
7186992
7400188
7562411
7676912
7781290
7976243
8030025
8254704
8310476
8538108
8643009
8724847
9033311
9176403
9237154
9302859
9493164
9566244
9707212
9908025
9935341
10063406
10104312
10234954
10252631
10302105
10330874
10267689
10313808
10290579
10193485
10043163
9840347
9714476
9554825
9343159
9235777
8914245
8622861
8402033
8196665
8024433
7849663
7599321
7453125
7382938
7076367
6779546
6616712
6376590
6290586
5986680
5882999
5675579
5286025
5043069
4775128
4571683
4402107
4334786
4118876
4040349
3730062
3483488
3197957
3129228
3199252
3334875
3607677
3786842
3962525
4131781
4251484
4271630
4400400
4570502
4764482
4931947
5089505
5266723
5414073
5509311
5614824
5719044
5827427
5981686
6130392
6262669
6379339
6532221
6671859
6816663
6987532
7181542
7274062
7397302
7553431
7713689
7871108
7992077
8098581
8239429
8336694
8557465
8648812
8808336
9002244
9121015
9323221
9325933
9491558
9608050
9725516
9931718
9939956
10116607
10177258
10238616
10243357
10318776
10435283
10412369
10353859
10240864
10158031
10049063
9787886
9761988
9493216
9284492
9105965
8916137
8629309
8429674
8155303
8004938
7755898
7539061
7436016
7161825
7035592
6687649
6513519
6430362
6217791
6028817
5865962
5547325
5435510
5106319
4883428
4581996
4441916
4234209
4107266
3986045
3781217
3459990
3286858
3105823
3284606
3458398
3710137
3899714
4007881
4172174
4272161
4281373
4405311
4626500
4765702
4991798
5164173
5309293
5464869
5530401
5669665
5745011
5862706
6091819
6191783
6321313
6453420
6573899
6712941
6854978
7005000
7180024
7282371
7472732
7595241
7763599
7910071
8036323
8178562
8336089
8419379
8543782
8797706
8947559
9143491
9272179
9304168
9445694
9577804
9626757
9765792
9909021
9944130
9988604
10150271
10249084
10303094
10358421
10386153
10314782
10306227
10187135
10060374
9870953
9774430
9682821
9403075
9292019
9045720
8754476
8637815
8353605
8184192
7947354
7656881
7491547
7375152
7081528
6894790
6579310
6374344
6313345
6123032
5866875
5757646
5418468
5256113
4997390
4891467
4572937
4393892
4211558
4033607
3920942
3682225
3338730
3230422
3220346
3380177
3583076
3781129
3947332
4082858
4261858
4319723
4455961
4482255
4702372
4922551
5018160
5172070
5351044
5494055